Nand:
|   a   |   b   |  out  |
|   0   |   0   |   1   |
|   0   |   1   |   1   |
|   1   |   0   |   1   |
|   1   |   1   |   0   |

And:
|   a   |   b   |  out  |
|   0   |   0   |   0   |
|   0   |   1   |   0   |
|   1   |   0   |   0   |
|   1   |   1   |   1   |


Or:
|   a   |   b   |  out  |
|   0   |   0   |   0   |
|   0   |   1   |   1   |
|   1   |   0   |   1   |
|   1   |   1   |   1   |

Xor:
|   a   |   b   |  out  |
|   0   |   0   |   0   |
|   0   |   1   |   1   |
|   1   |   0   |   1   |
|   1   |   1   |   0   |


|   a   |   b   |  sel  |  out  |
|   0   |   0   |   0   |   0   |
|   0   |   0   |   1   |   0   |
|   0   |   1   |   0   |   0   |
|   0   |   1   |   1   |   1   |
|   1   |   0   |   0   |   1   |
|   1   |   0   |   1   |   0   |
|   1   |   1   |   0   |   1   |
|   1   |   1   |   1   |   1   |

Dem:
|  in   |  sel  |   a   |   b   |
|   0   |   0   |   0   |   0   |
|   0   |   1   |   0   |   0   |
|   1   |   0   |   1   |   0   |
|   1   |   1   |   0   |   1   |

